BSPLINE # Curve type (BSPLINE or CATMULL_ROM)
16 # The number of cross sections.
30 # The number of control points per cross section

# Cross Section 01
10.0000 0.00000 # The 2D position of control points
9.78148 2.07912
9.13545 4.06737
8.09017 5.87785
6.69131 7.43145
5.00000 8.66025
3.09017 9.51057
1.04528 9.94522
-1.04529 9.94522
-3.09017 9.51056
-5.00000 8.66025
-6.69131 7.43145
-8.09017 5.87785
-9.13546 4.06737
-9.78148 2.07912
-10.0000 0.00000
-9.78148 -2.07912
-9.13545 -4.06737
-8.09017 -5.87785
-6.69131 -7.43145
-5.00000 -8.66025
-3.09017 -9.51057
-1.04528 -9.94522
1.04528 -9.94522
3.09017 -9.51056
5.00000 -8.66025
6.69131 -7.43145
8.09017 -5.87785
9.13546 -4.06737
9.78148 -2.07912
0.0 # Scaling factor
0.0 1 0 0 # Rotation
0 -23 0 # Position 

# Cross Section 02
10.0000 0.00000 # The 2D position of control points
9.78148 2.07912
9.13545 4.06737
8.09017 5.87785
6.69131 7.43145
5.00000 8.66025
3.09017 9.51057
1.04528 9.94522
-1.04529 9.94522
-3.09017 9.51056
-5.00000 8.66025
-6.69131 7.43145
-8.09017 5.87785
-9.13546 4.06737
-9.78148 2.07912
-10.0000 0.00000
-9.78148 -2.07912
-9.13545 -4.06737
-8.09017 -5.87785
-6.69131 -7.43145
-5.00000 -8.66025
-3.09017 -9.51057
-1.04528 -9.94522
1.04528 -9.94522
3.09017 -9.51056
5.00000 -8.66025
6.69131 -7.43145
8.09017 -5.87785
9.13546 -4.06737
9.78148 -2.07912
0.4 # Scaling factor
0.0 1 0 0 # Rotation
0 -23 0 # Position 

# Cross Section 03
9.50000 0.00000 #1 (9.5)
9.78148 2.07912
9.13545 4.06737
7.68566 5.58396 #4 (9.5)
6.02217 6.66883 #5
4.75000 8.22724 #6 (9.5)
3.09017 9.51057
1.04528 9.94522
-0.99302 9.44796 #9 (9.5)
-2.78115 8.55951 #10
-4.75000 8.22724 #11 (9.5)
-6.69131 7.43145
-8.09017 5.87785
-8.67868 3.86400 #14 (9.5)
-8.80333 1.87120 #15
-9.50000 0.00000 #16 (9.5)
-9.78148 -2.07912
-9.13545 -4.06737
-7.68566 -5.58396 #19 (9.5)
-6.02217 -6.66883 #20
-4.75000 -8.22724 #21 (9.5)
-3.09017 -9.51057
-1.04528 -9.94522
0.99302 -9.44796 #24 (9.5)
2.78115 -8.55951 #25
4.75000 -8.22724 #26 (9.5)
6.69131 -7.43145
8.09017 -5.87785
8.67868 -3.86400 #29 (9.5)
8.80333 -1.87120 #30
0.5 # Scaling factor
0.0 1 0 0 # Rotation
0 -21 0 # Position 

# Cross Section 04
9.50000 0.00000 #1 (9.5)
9.78148 2.07912
9.13545 4.06737
7.68566 5.58396 #4 (9.5)
6.02217 6.66883 #5
4.75000 8.22724 #6 (9.5)
3.09017 9.51057
1.04528 9.94522
-0.99302 9.44796 #9 (9.5)
-2.78115 8.55951 #10
-4.75000 8.22724 #11 (9.5)
-6.69131 7.43145
-8.09017 5.87785
-8.67868 3.86400 #14 (9.5)
-8.80333 1.87120 #15
-9.50000 0.00000 #16 (9.5)
-9.78148 -2.07912
-9.13545 -4.06737
-7.68566 -5.58396 #19 (9.5)
-6.02217 -6.66883 #20
-4.75000 -8.22724 #21 (9.5)
-3.09017 -9.51057
-1.04528 -9.94522
0.99302 -9.44796 #24 (9.5)
2.78115 -8.55951 #25
4.75000 -8.22724 #26 (9.5)
6.69131 -7.43145
8.09017 -5.87785
8.67868 -3.86400 #29 (9.5)
8.80333 -1.87120 #30
0.48 # Scaling factor
0.3 0 1 0 # Rotation
0 -17 0 # Position 

# Cross Section 05
9.50000 0.00000 #1 (9.5)
9.78148 2.07912
9.13545 4.06737
7.68566 5.58396 #4 (9.5)
6.02217 6.66883 #5
4.75000 8.22724 #6 (9.5)
3.09017 9.51057
1.04528 9.94522
-0.99302 9.44796 #9 (9.5)
-2.78115 8.55951 #10
-4.75000 8.22724 #11 (9.5)
-6.69131 7.43145
-8.09017 5.87785
-8.67868 3.86400 #14 (9.5)
-8.80333 1.87120 #15
-9.50000 0.00000 #16 (9.5)
-9.78148 -2.07912
-9.13545 -4.06737
-7.68566 -5.58396 #19 (9.5)
-6.02217 -6.66883 #20
-4.75000 -8.22724 #21 (9.5)
-3.09017 -9.51057
-1.04528 -9.94522
0.99302 -9.44796 #24 (9.5)
2.78115 -8.55951 #25
4.75000 -8.22724 #26 (9.5)
6.69131 -7.43145
8.09017 -5.87785
8.67868 -3.86400 #29 (9.5)
8.80333 -1.87120 #30
0.4 # Scaling factor
0.6 0 1 0 # Rotation
0 -13 0 # Position 

# Cross Section 06
10.0000 0.00000 # The 2D position of control points
9.78148 2.07912
9.13545 4.06737
8.09017 5.87785
6.69131 7.43145
5.00000 8.66025
3.09017 9.51057
1.04528 9.94522
-1.04529 9.94522
-3.09017 9.51056
-5.00000 8.66025
-6.69131 7.43145
-8.09017 5.87785
-9.13546 4.06737
-9.78148 2.07912
-10.0000 0.00000
-9.78148 -2.07912
-9.13545 -4.06737
-8.09017 -5.87785
-6.69131 -7.43145
-5.00000 -8.66025
-3.09017 -9.51057
-1.04528 -9.94522
1.04528 -9.94522
3.09017 -9.51056
5.00000 -8.66025
6.69131 -7.43145
8.09017 -5.87785
9.13546 -4.06737
9.78148 -2.07912
0.45 # Scaling factor
0.6 0 1 0 # Rotation
0 -9 0 # Position 

# Cross Section 07
10.0000 0.00000 # The 2D position of control points
9.78148 2.07912
9.13545 4.06737
8.09017 5.87785
6.69131 7.43145
5.00000 8.66025
3.09017 9.51057
1.04528 9.94522
-1.04529 9.94522
-3.09017 9.51056
-5.00000 8.66025
-6.69131 7.43145
-8.09017 5.87785
-9.13546 4.06737
-9.78148 2.07912
-10.0000 0.00000
-9.78148 -2.07912
-9.13545 -4.06737
-8.09017 -5.87785
-6.69131 -7.43145
-5.00000 -8.66025
-3.09017 -9.51057
-1.04528 -9.94522
1.04528 -9.94522
3.09017 -9.51056
5.00000 -8.66025
6.69131 -7.43145
8.09017 -5.87785
9.13546 -4.06737
9.78148 -2.07912
0.5 # Scaling factor
0.0 1 0 0 # Rotation
0 -5 0 # Position 

# Cross Section 08
10.0000 0.00000 # The 2D position of control points
9.78148 2.07912
9.13545 4.06737
8.09017 5.87785
6.69131 7.43145
5.00000 8.66025
3.09017 9.51057
1.04528 9.94522
-1.04529 9.94522
-3.09017 9.51056
-5.00000 8.66025
-6.69131 7.43145
-8.09017 5.87785
-9.13546 4.06737
-9.78148 2.07912
-10.0000 0.00000
-9.78148 -2.07912
-9.13545 -4.06737
-8.09017 -5.87785
-6.69131 -7.43145
-5.00000 -8.66025
-3.09017 -9.51057
-1.04528 -9.94522
1.04528 -9.94522
3.09017 -9.51056
5.00000 -8.66025
6.69131 -7.43145
8.09017 -5.87785
9.13546 -4.06737
9.78148 -2.07912
0.4 # Scaling factor
0.0 1 0 0 # Rotation
0 0 0 # Position 

# Cross Section 09
10.0000 0.00000 # The 2D position of control points
9.78148 2.07912
9.13545 4.06737
8.09017 5.87785
6.69131 7.43145
5.00000 8.66025
3.09017 9.51057
1.04528 9.94522
-1.04529 9.94522
-3.09017 9.51056
-5.00000 8.66025
-6.69131 7.43145
-8.09017 5.87785
-9.13546 4.06737
-9.78148 2.07912
-10.0000 0.00000
-9.78148 -2.07912
-9.13545 -4.06737
-8.09017 -5.87785
-6.69131 -7.43145
-5.00000 -8.66025
-3.09017 -9.51057
-1.04528 -9.94522
1.04528 -9.94522
3.09017 -9.51056
5.00000 -8.66025
6.69131 -7.43145
8.09017 -5.87785
9.13546 -4.06737
9.78148 -2.07912
0.2 # Scaling factor
0.0 1 0 0 # Rotation
0 5 0 # Position 

# Cross Section 10
10.0000 0.00000 # The 2D position of control points
9.78148 2.07912
9.13545 4.06737
8.09017 5.87785
6.69131 7.43145
5.00000 8.66025
3.09017 9.51057
1.04528 9.94522
-1.04529 9.94522
-3.09017 9.51056
-5.00000 8.66025
-6.69131 7.43145
-8.09017 5.87785
-9.13546 4.06737
-9.78148 2.07912
-10.0000 0.00000
-9.78148 -2.07912
-9.13545 -4.06737
-8.09017 -5.87785
-6.69131 -7.43145
-5.00000 -8.66025
-3.09017 -9.51057
-1.04528 -9.94522
1.04528 -9.94522
3.09017 -9.51056
5.00000 -8.66025
6.69131 -7.43145
8.09017 -5.87785
9.13546 -4.06737
9.78148 -2.07912
0.12 # Scaling factor
0.0 1 0 0 # Rotation
0 13 0 # Position 

# Cross Section 11
10.0000 0.00000 # The 2D position of control points
9.78148 2.07912
9.13545 4.06737
8.09017 5.87785
6.69131 7.43145
5.00000 8.66025
3.09017 9.51057
1.04528 9.94522
-1.04529 9.94522
-3.09017 9.51056
-5.00000 8.66025
-6.69131 7.43145
-8.09017 5.87785
-9.13546 4.06737
-9.78148 2.07912
-10.0000 0.00000
-9.78148 -2.07912
-9.13545 -4.06737
-8.09017 -5.87785
-6.69131 -7.43145
-5.00000 -8.66025
-3.09017 -9.51057
-1.04528 -9.94522
1.04528 -9.94522
3.09017 -9.51056
5.00000 -8.66025
6.69131 -7.43145
8.09017 -5.87785
9.13546 -4.06737
9.78148 -2.07912
0.15# Scaling factor
0.0 1 0 0 # Rotation
0 13 0 # Position 

# Cross Section 12
10.0000 0.00000 # The 2D position of control points
9.78148 2.07912
9.13545 4.06737
8.09017 5.87785
6.69131 7.43145
5.00000 8.66025
3.09017 9.51057
1.04528 9.94522
-1.04529 9.94522
-3.09017 9.51056
-5.00000 8.66025
-6.69131 7.43145
-8.09017 5.87785
-9.13546 4.06737
-9.78148 2.07912
-10.0000 0.00000
-9.78148 -2.07912
-9.13545 -4.06737
-8.09017 -5.87785
-6.69131 -7.43145
-5.00000 -8.66025
-3.09017 -9.51057
-1.04528 -9.94522
1.04528 -9.94522
3.09017 -9.51056
5.00000 -8.66025
6.69131 -7.43145
8.09017 -5.87785
9.13546 -4.06737
9.78148 -2.07912
0.15# Scaling factor
0.0 1 0 0 # Rotation
0 14 0 # Position 

# Cross Section 13
10.0000 0.00000 # The 2D position of control points
9.78148 2.07912
9.13545 4.06737
8.09017 5.87785
6.69131 7.43145
5.00000 8.66025
3.09017 9.51057
1.04528 9.94522
-1.04529 9.94522
-3.09017 9.51056
-5.00000 8.66025
-6.69131 7.43145
-8.09017 5.87785
-9.13546 4.06737
-9.78148 2.07912
-10.0000 0.00000
-9.78148 -2.07912
-9.13545 -4.06737
-8.09017 -5.87785
-6.69131 -7.43145
-5.00000 -8.66025
-3.09017 -9.51057
-1.04528 -9.94522
1.04528 -9.94522
3.09017 -9.51056
5.00000 -8.66025
6.69131 -7.43145
8.09017 -5.87785
9.13546 -4.06737
9.78148 -2.07912
0.04 # Scaling factor
0.0 1 0 0 # Rotation
0 14 0 # Position 

# Cross Section 14
10.0000 0.00000 # The 2D position of control points
9.78148 2.07912
9.13545 4.06737
8.09017 5.87785
6.69131 7.43145
5.00000 8.66025
3.09017 9.51057
1.04528 9.94522
-1.04529 9.94522
-3.09017 9.51056
-5.00000 8.66025
-6.69131 7.43145
-8.09017 5.87785
-9.13546 4.06737
-9.78148 2.07912
-10.0000 0.00000
-9.78148 -2.07912
-9.13545 -4.06737
-8.09017 -5.87785
-6.69131 -7.43145
-5.00000 -8.66025
-3.09017 -9.51057
-1.04528 -9.94522
1.04528 -9.94522
3.09017 -9.51056
5.00000 -8.66025
6.69131 -7.43145
8.09017 -5.87785
9.13546 -4.06737
9.78148 -2.07912
0.04 # Scaling factor
0.0 1 0 0 # Rotation
0 20 0 # Position 

# Cross Section 15
10.0000 0.00000 # The 2D position of control points
9.78148 2.07912
9.13545 4.06737
8.09017 5.87785
6.69131 7.43145
5.00000 8.66025
3.09017 9.51057
1.04528 9.94522
-1.04529 9.94522
-3.09017 9.51056
-5.00000 8.66025
-6.69131 7.43145
-8.09017 5.87785
-9.13546 4.06737
-9.78148 2.07912
-10.0000 0.00000
-9.78148 -2.07912
-9.13545 -4.06737
-8.09017 -5.87785
-6.69131 -7.43145
-5.00000 -8.66025
-3.09017 -9.51057
-1.04528 -9.94522
1.04528 -9.94522
3.09017 -9.51056
5.00000 -8.66025
6.69131 -7.43145
8.09017 -5.87785
9.13546 -4.06737
9.78148 -2.07912
0.04 # Scaling factor
-1.57 0 0 1 # Rotation
1 22 0 # Position 

# Cross Section 16
10.0000 0.00000 # The 2D position of control points
9.78148 2.07912
9.13545 4.06737
8.09017 5.87785
6.69131 7.43145
5.00000 8.66025
3.09017 9.51057
1.04528 9.94522
-1.04529 9.94522
-3.09017 9.51056
-5.00000 8.66025
-6.69131 7.43145
-8.09017 5.87785
-9.13546 4.06737
-9.78148 2.07912
-10.0000 0.00000
-9.78148 -2.07912
-9.13545 -4.06737
-8.09017 -5.87785
-6.69131 -7.43145
-5.00000 -8.66025
-3.09017 -9.51057
-1.04528 -9.94522
1.04528 -9.94522
3.09017 -9.51056
5.00000 -8.66025
6.69131 -7.43145
8.09017 -5.87785
9.13546 -4.06737
9.78148 -2.07912
0.04 # Scaling factor
-1.57 0 0 1 # Rotation
5 22 0 # Position 
