CATMULL_ROM
14
33

#points
0 1
0.13 0.8
0.33 0.6
0.13 0.4
0.2 0.2
0.4 0.13
0.6 0.33
0.8 0.13
1 0
0.8 -0.13
0.6 -0.33
0.4 -0.13
0.2 -0.2
0.13 -0.4
0.33 -0.6
0.13 -0.8
0 -1
-0.13 -0.8
-0.33 -0.6
-0.13 -0.4
-0.2 -0.2
-0.4 -0.13
-0.6 -0.33
-0.8 -0.13
-1 0
-0.8 0.13
-0.6 0.33
-0.4 0.13
-0.2 0.2
-0.13 0.4
-0.33 0.6
-0.13 0.8
0 1
2 #scale
0 0 0 0
0 -0.1 0

0 1
0.13 0.8
0.33 0.6
0.13 0.4
0.2 0.2
0.4 0.13
0.6 0.33
0.8 0.13
1 0
0.8 -0.13
0.6 -0.33
0.4 -0.13
0.2 -0.2
0.13 -0.4
0.33 -0.6
0.13 -0.8
0 -1
-0.13 -0.8
-0.33 -0.6
-0.13 -0.4
-0.2 -0.2
-0.4 -0.13
-0.6 -0.33
-0.8 -0.13
-1 0
-0.8 0.13
-0.6 0.33
-0.4 0.13
-0.2 0.2
-0.13 0.4
-0.33 0.6
-0.13 0.8
0 1
1
0 0 0 0
0 0 0

0 1
0.13 0.8
0.33 0.6
0.13 0.4
0.2 0.2
0.4 0.13
0.6 0.33
0.8 0.13
1 0
0.8 -0.13
0.6 -0.33
0.4 -0.13
0.2 -0.2
0.13 -0.4
0.33 -0.6
0.13 -0.8
0 -1
-0.13 -0.8
-0.33 -0.6
-0.13 -0.4
-0.2 -0.2
-0.4 -0.13
-0.6 -0.33
-0.8 -0.13
-1 0
-0.8 0.13
-0.6 0.33
-0.4 0.13
-0.2 0.2
-0.13 0.4
-0.33 0.6
-0.13 0.8
0 1
2
0.785398 0 1 0
0 4 0

0 1
0.13 0.8
0.33 0.6
0.13 0.4
0.2 0.2
0.4 0.13
0.6 0.33
0.8 0.13
1 0
0.8 -0.13
0.6 -0.33
0.4 -0.13
0.2 -0.2
0.13 -0.4
0.33 -0.6
0.13 -0.8
0 -1
-0.13 -0.8
-0.33 -0.6
-0.13 -0.4
-0.2 -0.2
-0.4 -0.13
-0.6 -0.33
-0.8 -0.13
-1 0
-0.8 0.13
-0.6 0.33
-0.4 0.13
-0.2 0.2
-0.13 0.4
-0.33 0.6
-0.13 0.8
0 1
1
-0.785398 0 1 0
0 8 0

0 1
0.13 0.8
0.33 0.6
0.13 0.4
0.2 0.2
0.4 0.13
0.6 0.33
0.8 0.13
1 0
0.8 -0.13
0.6 -0.33
0.4 -0.13
0.2 -0.2
0.13 -0.4
0.33 -0.6
0.13 -0.8
0 -1
-0.13 -0.8
-0.33 -0.6
-0.13 -0.4
-0.2 -0.2
-0.4 -0.13
-0.6 -0.33
-0.8 -0.13
-1 0
-0.8 0.13
-0.6 0.33
-0.4 0.13
-0.2 0.2
-0.13 0.4
-0.33 0.6
-0.13 0.8
0 1
2
-0.783598 0 1 0
0 12 0

0 1
0.13 0.8
0.33 0.6
0.13 0.4
0.2 0.2
0.4 0.13
0.6 0.33
0.8 0.13
1 0
0.8 -0.13
0.6 -0.33
0.4 -0.13
0.2 -0.2
0.13 -0.4
0.33 -0.6
0.13 -0.8
0 -1
-0.13 -0.8
-0.33 -0.6
-0.13 -0.4
-0.2 -0.2
-0.4 -0.13
-0.6 -0.33
-0.8 -0.13
-1 0
-0.8 0.13
-0.6 0.33
-0.4 0.13
-0.2 0.2
-0.13 0.4
-0.33 0.6
-0.13 0.8
0 1
1
0.783598 0 1 0
0 16 0

0 1
0.19509 0.98078
0.38268 0.92387
0.55557 0.83146
0.70711 0.70711
0.83146 0.55557
0.92387 0.28268
0.98078 0.19509
1 0
0.98078 -0.19509
0.92387 -0.28268
0.83146 -0.55557
0.70711 -0.70711
0.55557 -0.83146
0.38268 -0.92387
0.19509 -0.98078
0 -1
-0.19509 -0.98078
-0.38268 -0.92387
-0.55557 -0.83146
-0.70711 -0.70711
-0.83146 -0.55557
-0.92387 -0.38268
-0.98078 -0.19509
-1 0
-0.98078 0.19509
-0.92387 0.38258
-0.83146 0.55557
-0.70711 0.70711
-0.55557 0.83146
-0.38268 0.92387
-0.19509 0.98078
0 1
2
0 0 0 0
0 18 0

0 1
0.19509 0.98078
0.38268 0.92387
0.55557 0.83146
0.70711 0.70711
0.83146 0.55557
0.92387 0.28268
0.98078 0.19509
1 0
0.98078 -0.19509
0.92387 -0.28268
0.83146 -0.55557
0.70711 -0.70711
0.55557 -0.83146
0.38268 -0.92387
0.19509 -0.98078
0 -1
-0.19509 -0.98078
-0.38268 -0.92387
-0.55557 -0.83146
-0.70711 -0.70711
-0.83146 -0.55557
-0.92387 -0.38268
-0.98078 -0.19509
-1 0
-0.98078 0.19509
-0.92387 0.38258
-0.83146 0.55557
-0.70711 0.70711
-0.55557 0.83146
-0.38268 0.92387
-0.19509 0.98078
0 1
6
0 0 0 0
0 16 0

0 1
0.19509 0.98078
0.38268 0.92387
0.55557 0.83146
0.70711 0.70711
0.83146 0.55557
0.92387 0.28268
0.98078 0.19509
1 0
0.98078 -0.19509
0.92387 -0.28268
0.83146 -0.55557
0.70711 -0.70711
0.55557 -0.83146
0.38268 -0.92387
0.19509 -0.98078
0 -1
-0.19509 -0.98078
-0.38268 -0.92387
-0.55557 -0.83146
-0.70711 -0.70711
-0.83146 -0.55557
-0.92387 -0.38268
-0.98078 -0.19509
-1 0
-0.98078 0.19509
-0.92387 0.38258
-0.83146 0.55557
-0.70711 0.70711
-0.55557 0.83146
-0.38268 0.92387
-0.19509 0.98078
0 1
7
0 0 0 0
0 12 0

0 1
0.19509 0.98078
0.38268 0.92387
0.55557 0.83146
0.70711 0.70711
0.83146 0.55557
0.92387 0.28268
0.98078 0.19509
1 0
0.98078 -0.19509
0.92387 -0.28268
0.83146 -0.55557
0.70711 -0.70711
0.55557 -0.83146
0.38268 -0.92387
0.19509 -0.98078
0 -1
-0.19509 -0.98078
-0.38268 -0.92387
-0.55557 -0.83146
-0.70711 -0.70711
-0.83146 -0.55557
-0.92387 -0.38268
-0.98078 -0.19509
-1 0
-0.98078 0.19509
-0.92387 0.38258
-0.83146 0.55557
-0.70711 0.70711
-0.55557 0.83146
-0.38268 0.92387
-0.19509 0.98078
0 1
8
0 0 0 0
0 16 0

0 1
0.19509 0.98078
0.38268 0.92387
0.55557 0.83146
0.70711 0.70711
0.83146 0.55557
0.92387 0.28268
0.98078 0.19509
1 0
0.98078 -0.19509
0.92387 -0.28268
0.83146 -0.55557
0.70711 -0.70711
0.55557 -0.83146
0.38268 -0.92387
0.19509 -0.98078
0 -1
-0.19509 -0.98078
-0.38268 -0.92387
-0.55557 -0.83146
-0.70711 -0.70711
-0.83146 -0.55557
-0.92387 -0.38268
-0.98078 -0.19509
-1 0
-0.98078 0.19509
-0.92387 0.38258
-0.83146 0.55557
-0.70711 0.70711
-0.55557 0.83146
-0.38268 0.92387
-0.19509 0.98078
0 1
6
0 0 0 0
0 23 0

0 1
0.19509 0.98078
0.38268 0.92387
0.55557 0.83146
0.70711 0.70711
0.83146 0.55557
0.92387 0.28268
0.98078 0.19509
1 0
0.98078 -0.19509
0.92387 -0.28268
0.83146 -0.55557
0.70711 -0.70711
0.55557 -0.83146
0.38268 -0.92387
0.19509 -0.98078
0 -1
-0.19509 -0.98078
-0.38268 -0.92387
-0.55557 -0.83146
-0.70711 -0.70711
-0.83146 -0.55557
-0.92387 -0.38268
-0.98078 -0.19509
-1 0
-0.98078 0.19509
-0.92387 0.38258
-0.83146 0.55557
-0.70711 0.70711
-0.55557 0.83146
-0.38268 0.92387
-0.19509 0.98078
0 1
2
0 0 0 0
0 24 0

0 1
0.19509 0.98078
0.38268 0.92387
0.55557 0.83146
0.70711 0.70711
0.83146 0.55557
0.92387 0.28268
0.98078 0.19509
1 0
0.98078 -0.19509
0.92387 -0.28268
0.83146 -0.55557
0.70711 -0.70711
0.55557 -0.83146
0.38268 -0.92387
0.19509 -0.98078
0 -1
-0.19509 -0.98078
-0.38268 -0.92387
-0.55557 -0.83146
-0.70711 -0.70711
-0.83146 -0.55557
-0.92387 -0.38268
-0.98078 -0.19509
-1 0
-0.98078 0.19509
-0.92387 0.38258
-0.83146 0.55557
-0.70711 0.70711
-0.55557 0.83146
-0.38268 0.92387
-0.19509 0.98078
0 1
1
0 0 0 0
0 24.01 0

0 1
0.19509 0.98078
0.38268 0.92387
0.55557 0.83146
0.70711 0.70711
0.83146 0.55557
0.92387 0.28268
0.98078 0.19509
1 0
0.98078 -0.19509
0.92387 -0.28268
0.83146 -0.55557
0.70711 -0.70711
0.55557 -0.83146
0.38268 -0.92387
0.19509 -0.98078
0 -1
-0.19509 -0.98078
-0.38268 -0.92387
-0.55557 -0.83146
-0.70711 -0.70711
-0.83146 -0.55557
-0.92387 -0.38268
-0.98078 -0.19509
-1 0
-0.98078 0.19509
-0.92387 0.38258
-0.83146 0.55557
-0.70711 0.70711
-0.55557 0.83146
-0.38268 0.92387
-0.19509 0.98078
0 1
0.00001
0 0 0 0
0 24.01 0
