BSPLINE #bspline
40#slices
4




#hahahaha
5 5
-5 5
-5 -5
5 -5
4
0 0 0 0
0 42 0

5 5
-5 5
-5 -5
5 -5
3
0 0 0 0
0 40 0

5 5
-5 5
-5 -5
5 -5
2
0 0 0 0
0 35 0


5 5
-5 5
-5 -5
5 -5
1
0 0 0 0
0 20 0

5 5
-5 5
-5 -5
5 -5
0.8
0 0 0 0
0 -10 0

5 5
-5 5
-5 -5
5 -5
0.8
0 0 0 0
0 -50 0


5 5
-5 5
-5 -5
5 -5
0.8
-1.570796 0 0 1
-13 -63 0


5 5
-5 5
-5 -5
5 -5
0.8
-3.141592 0 0 1
-26 -50 0

5 5
-5 5
-5 -5
5 -5
0.8
-3.141592 0 0 1
-26 -10 0

5 5
-5 5
-5 -5
5 -5
0.8
-3.141592 0 0 1
-26 0 0


5 5
-5 5
-5 -5
5 -5
0.7
0 0 0 1
-26 0 0


5 5
-5 5
-5 -5
5 -5
0.6
0 0 0 1
-26 70 0

5 5
-5 5
-5 -5
5 -5
0.5
0 0 0 1
-26 120 0

5 5
-5 5
-5 -5
5 -5
0.5
1.570796 1 0 0
-26 130 -10

5 5
-5 5
-5 -5
5 -5
0.5
3.141592 1 0 0
-26 120 -20

5 5
-5 5
-5 -5
5 -5
0.5
3.141592 1 0 0
-26 70 -20

5 5
-5 5
-5 -5
5 -5
0.5
3.141592 1 0 0
-26 0 -20

5 5
-5 5
-5 -5
5 -5
0.65
3.141592 1 0 0
-26 -10 -20

5 5
-5 5
-5 -5
5 -5
0.5
3.141592 1 0 0
-26 -12 -20

5 5
-5 5
-5 -5
5 -5
0.3
3.141592 1 0 0
-26 5 -20

5 5
-5 5
-5 -5
5 -5
0.3
1.570796 1 0 0
-26 5 -20


5 5
-5 5
-5 -5
5 -5
0.3
1.570796 1 0 0
-26 5 0



5 5
-5 5
-5 -5
5 -5
0.3
1.570796 1 0 0
-26 5 -20



5 5
-5 5
-5 -5
5 -5
0.1
0 1 0 0
-26 5 -20



5 5
-5 5
-5 -5
5 -5
0.1
0 1 0 0
-26 13 -20

5 5
-5 5
-5 -5
5 -5
0.3
1.570796 1 0 0
-26 15 -20



5 5
-5 5
-5 -5
5 -5
0.3
1.570796 1 0 0
-26 15 0


5 5
-5 5
-5 -5
5 -5
0.1
0 1 0 0
-26 15 0


5 5
-5 5
-5 -5
5 -5
0.1
0 0 0 0
-26 -5 0


5 5
-5 5
-5 -5
5 -5
0.3
1.570796 0 0 1
-26 -5 0


5 5
-5 5
-5 -5
5 -5
0.3
1.570796 0 0 1
0 -5 0


5 5
-5 5
-5 -5
5 -5
0.1
0 0 0 1
0 -5 0


5 5
-5 5
-5 -5
5 -5
0.1
0 0 0 1
0 -35 0


5 5
-5 5
-5 -5
5 -5
0.3
1.570796 0 0 1
0 -35 0


5 5
-5 5
-5 -5
5 -5
0.3
1.570796 0 0 1
-26 -35 0

5 5
-5 5
-5 -5
5 -5
0.1
0 0 0 1
-26 -35 0

5 5
-5 5
-5 -5
5 -5
0.1
0 0 0 1
-26 -45 0

5 5
-5 5
-5 -5
5 -5
0.3
1.570796 0 0 1
-26 -45 0

5 5
-5 5
-5 -5
5 -5
0.3
1.570796 0 0 1
0 -45 0


5 5
-5 5
-5 -5
5 -5
0.1
0 0 0 1
0 -45 0
